高速変形,3,合気,1,2,2,0
ひるみ軽減,2,会心撃【属性】,1,3,1,1
笛吹き名人,1,スタミナ奪取,3,3,1,1
回避性能,2,水属性攻撃強化,2,3,2,0
高速変形,3,,0,3,1,0
笛吹き名人,1,気絶耐性,1,3,2,1
納刀術,2,挑戦者,1,2,1,0
回避距離ＵＰ,3,氷属性攻撃強化,2,2,2,0
気絶耐性,2,回避性能,1,2,1,1
精霊の加護,3,,0,4,0,0
気絶耐性,2,回復速度,2,3,1,0
合気,1,属性やられ耐性,2,2,2,0
翔蟲使い,2,不屈,1,3,2,0
回避性能,1,気絶耐性,1,2,1,1
防御,2,,0,3,2,0
回避距離ＵＰ,2,,0,1,1,1
翔蟲使い,2,壁面移動【翔】,1,2,1,1
回復速度,1,,0,3,2,0
ＫＯ術,3,水属性攻撃強化,2,2,1,1
反動軽減,2,供応,1,2,2,0
ブレ抑制,3,,0,3,1,0
会心撃【属性】,2,砥石使用高速化,2,1,1,0
ＫＯ術,2,チャージマスター,2,1,1,0
装填速度,3,挑戦者,1,1,1,0
弾丸節約,1,,0,1,1,1
弾丸節約,2,,0,2,1,1
装填速度,3,精霊の加護,1,3,2,0
納刀術,2,供応,1,3,1,0
納刀術,2,体力回復量ＵＰ,2,2,2,1
会心撃【属性】,1,,0,3,1,1
納刀術,2,,0,2,1,1
見切り,2,気絶耐性,1,3,1,0
合気,2,,0,2,2,0
回避距離ＵＰ,2,,0,3,2,0
剛刃研磨,2,,0,3,0,0
回避性能,3,高速変形,1,2,2,1
回避距離ＵＰ,3,毒属性強化,1,3,1,0
刃鱗磨き,1,,0,3,1,1
連撃,2,,0,3,1,0
スタミナ奪取,2,,0,2,2,0
回避性能,3,高速変形,1,2,2,1
スタミナ奪取,2,,0,2,2,0
高速変形,2,納刀術,1,2,2,0
連撃,2,,0,3,1,0
弱点特効,2,,0,3,1,0
高速変形,2,,0,3,1,1
体術,2,ランナー,1,2,1,0
回避距離ＵＰ,2,超会心,1,3,0,0
災禍転福,1,,0,3,1,1
供応,1,泡沫の舞,2,3,2,1
翔蟲使い,3,合気,1,2,2,0
攻撃,3,,0,3,0,0
破壊王,2,体力回復量ＵＰ,2,2,2,0
弱点特効,2,,0,2,1,0
,0,,0,3,2,1
