陰陽ノ者【差袴】,0,0,0,0,0,0,0,1,0,合気,1,,,,,,,,
ミヅハ醒【丸帯】,0,0,0,0,0,0,0,0,0,攻勢,1,,,,,,,,
ミヅハ醒【大袖】,0,0,0,0,0,0,0,1,0,龍属性攻撃強化,1,,,,,,,,
陰陽ノ者【手甲】,0,0,0,0,0,0,0,0,0,気絶耐性,1,連撃,1,挑戦者,-1,,,,
エスピナＺファオスト,0,0,0,0,0,0,0,1,1,スタミナ奪取,1,弾丸節約,-1,,,,,,
エスピナＺフェルゼ,0,0,0,0,0,0,0,0,0,剛刃研磨,1,,,,,,,,
カイザーＸクラウン,0,0,0,0,0,0,1,0,0,翔蟲使い,1,,,,,,,,
ゼクスヘルム,0,0,0,0,0,0,0,0,0,属性やられ耐性,1,,,,,,,,
ゴルムグリーヴ,0,0,0,0,0,0,2,1,0,,,,,,,,,,
ゴールドルナヘルム,0,0,0,0,0,0,1,0,1,,,,,,,,,,
カイザーＸコイル,0,0,0,0,0,0,0,1,0,,,,,,,,,,
怒天ノ帯,0,0,0,0,0,0,0,1,1,,,,,,,,,,
シルバーソルメイル,0,0,0,0,0,0,0,1,1,,,,,,,,,,
月光【帯】,0,0,0,0,0,0,1,0,0,散弾・拡散矢強化,-1,,,,,,,,
月光【帷子】,0,0,0,0,0,0,0,0,1,挑戦者,-1,,,,,,,,
シルバーソルアーム,0,0,0,0,0,0,0,0,0,強化持続,1,,,,,,,,
シルバーソルメイル,0,0,0,0,0,0,0,0,0,反動軽減,1,,,,,,,,
ゴールドルナヘルム,0,0,0,0,0,0,0,0,1,,,,,,,,,,
なるかみのおみあし真,0,0,0,0,0,0,0,1,1,,,,,,,,,,
しまきのむなさき真,0,0,0,0,0,0,0,1,1,,,,,,,,,,
バゼルＸコイル,0,0,0,0,0,0,1,0,1,,,,,,,,,,
メルゼメイル,0,0,0,0,0,0,0,0,1,供応,1,,,,,,,,
メルゼメイル,0,0,0,0,0,0,0,0,0,ひるみ軽減,1,顕如盤石,1,,,,,,
メルゼヘルム,0,0,0,0,0,0,0,0,1,砲術,1,,,,,,,,
カイザーＸメイル,0,0,0,0,0,0,1,0,1,,,,,,,,,,
レウスＸコイル,0,0,0,0,0,0,0,0,0,剛刃研磨,1,攻勢,1,,,,,,
ヤツカダＺメイル,0,0,0,0,0,0,2,0,0,鬼火纏,1,,,,,,,,
クシャナＸディール,0,0,0,0,0,0,0,0,0,翔蟲使い,1,,,,,,,,
エスピナフォアスト,0,0,0,0,0,0,0,1,1,陽動,1,雷属性攻撃強化,1,,,,,,
ゼクスコイル,0,0,0,0,0,0,0,0,0,会心撃【属性】,1,,,,,,,,
ジンオウＸメイル,0,0,0,0,0,0,0,0,0,気絶耐性,1,会心撃【属性】,1,雷属性攻撃強化,-1,,,,
ボロスＸメイル,0,0,0,0,0,0,0,2,1,,,,,,,,,,
フィリアグリーヴ,0,0,0,0,0,0,0,0,1,逆恨み,1,,,,,,,,
ダマスクＸメイル,0,0,0,0,0,0,0,0,0,連撃,1,,,,,,,,
冥淵纏鎧イレケラト,0,0,0,0,0,0,0,1,1,,,,,,,,,,
フィリアコイル,0,0,0,0,0,0,0,1,0,連撃,1,,,,,,,,
ジュラＸアーム,0,0,0,0,0,0,1,0,0,回避距離ＵＰ,1,,,,,,,,
フィリアヘルム,0,0,0,0,0,0,0,1,1,雷属性攻撃強化,1,,,,,,,,
冥淵纏鎧イレエピヌ,0,0,0,0,0,0,0,1,0,滑走強化,1,チャージマスター,1,,,,,,
禍鎧・怨【兜】,0,0,0,0,0,0,0,0,0,死中に活,1,,,,,,,,
冥淵纏鎧イレスケロス,0,0,0,0,0,0,1,0,0,,,,,,,,,,
赫耀ノコイル・真,0,0,0,0,0,0,1,0,1,龍気活性,-1,回復速度,1,,,,,,
ゴールドルナアーム,0,0,0,0,0,0,0,2,1,超会心,-1,,,,,,,,
ルナガロアーム,0,0,0,0,0,0,1,0,1,ランナー,1,,,,,,,,
ベリオＸメイル,0,0,0,0,0,0,1,0,0,水属性攻撃強化,1,,,,,,,,
ヤツカダＺメイル,0,0,0,0,0,0,2,0,0,精霊の加護,1,,,,,,,,
クシャナＸディール,0,0,0,0,0,0,1,0,1,広域化,1,回復速度,-1,,,,,,
レウスＸコイル,0,0,0,0,0,0,0,1,1,,,,,,,,,,
シルバーソルグリーヴ,0,0,0,0,0,0,2,0,0,,,,,,,,,,
ベリオＸアーム,0,0,0,0,0,0,0,0,0,剛刃研磨,1,,,,,,,,
ガブラスＸヘッド,0,0,0,0,0,0,0,2,0,,,,,,,,,,
冥淵纏鎧イレウーラ,0,0,0,0,0,0,0,1,1,壁面移動,1,,,,,,,,
ゴールドルナアーム,0,0,0,0,0,0,0,1,0,匠,1,,,,,,,,
シルバーソルメイル,0,0,0,0,0,0,0,1,0,精霊の加護,1,,,,,,,,
シルバーソルメイル,0,0,0,0,0,0,0,1,0,雷属性攻撃強化,1,体力回復量ＵＰ,1,,,,,,
オロミドＸヘルム,0,0,0,0,0,0,1,0,1,,,,,,,,,,
月光【具足】,0,0,0,0,0,0,0,1,1,砲弾装填,1,,,,,,,,
月光【手甲】,0,0,0,0,0,0,0,0,0,気絶耐性,1,回避距離ＵＰ,1,,,,,,
冥淵纏鎧イレバウロ,0,0,0,0,0,0,0,0,0,攻めの守勢,1,,,,,,,,
ヤツカダＺメイル,0,0,0,0,0,0,2,1,0,翔蟲使い,-1,,,,,,,,
デスギアＸフェルゼ,0,0,0,0,0,0,0,0,0,回避距離ＵＰ,1,,,,,,,,
ロワーガＸペット,0,0,0,0,0,0,0,0,0,弱点特効,1,,,,,,,,
ロワーガＸペット,0,0,0,0,0,0,0,0,0,攻撃,1,,,,,,,,
冥淵纏鎧イレスケロス,0,0,0,0,0,0,1,2,0,逆恨み,-1,,,,,,,,
ナルガＸメイル,0,0,0,0,0,0,0,0,0,攻めの守勢,1,,,,,,,,
ゴールドルナコイル,0,0,0,0,0,0,0,0,0,刃鱗磨き,1,,,,,,,,
ロワーガＸペット,0,0,0,0,0,0,1,0,1,,,,,,,,,,
冥淵纏鎧イレウーラ,0,0,0,0,0,0,0,1,0,,,,,,,,,,
月光【手甲】,0,0,0,0,0,0,0,0,0,供応,1,攻勢,1,,,,,,
月光【手甲】,0,0,0,0,0,0,0,0,1,ランナー,1,,,,,,,,
インゴットＸグリーヴ,0,0,0,0,0,0,0,0,0,弱点特効,1,,,,,,,,
ディアブロＸアーム,0,0,0,0,0,0,0,0,0,見切り,1,,,,,,,,
軽装騎士【帯甲】,0,0,0,0,0,0,0,1,0,連撃,1,,,,,,,,
冥淵纏鎧イレバウロ,0,0,0,0,0,0,0,0,0,攻勢,1,連撃,-1,,,,,,
ボロスＸアーム,0,0,0,0,0,0,1,0,1,顕如盤石,1,,,,,,,,
イソネＺグリーヴ,0,0,0,0,0,0,0,1,1,,,,,,,,,,
冥淵纏鎧イレスケロス,0,0,0,0,0,0,0,0,0,伏魔響命,-1,見切り,1,,,,,,
インゴットＸグリーヴ,0,0,0,0,0,0,0,0,1,顕如盤石,1,鬼火纏,1,,,,,,
ボロスＸグリーヴ,0,0,0,0,0,0,0,0,0,雷属性攻撃強化,1,高速変形,1,,,,,,
シルバーソルヘルム,0,0,0,0,0,0,0,3,0,,,,,,,,,,
ギルドパレスグリーヴ,0,0,0,0,0,0,0,0,0,砲弾装填,1,,,,,,,,
カイザーＸグリーヴ,0,0,0,0,0,0,0,0,0,弱点特効,1,,,,,,,,
アークグリーヴ,0,0,0,0,0,0,0,0,0,麻痺属性強化,1,,,,,,,,
カイザーＸクラウン,0,0,0,0,0,0,1,0,0,砥石使用高速化,1,,,,,,,,
メルゼコイル,0,0,0,0,0,0,1,0,1,,,,,,,,,,
メルゼアーム,0,0,0,0,0,0,0,1,0,,,,,,,,,,
クシャナＸハトゥー,0,0,0,0,0,0,0,1,0,,,,,,,,,,
シルバーソルコイル,0,0,0,0,0,0,0,0,0,翔蟲使い,1,砥石使用高速化,1,,,,,,
インゴットＸグリーヴ,0,0,0,0,0,0,0,0,0,龍属性攻撃強化,1,スタミナ急速回復,1,連撃,1,,,,
ベリオＸアーム,0,0,0,0,0,0,0,0,0,ランナー,1,会心撃【属性】,1,渾身,-1,,,,
冥淵纏鎧イレバウロ,0,0,0,0,0,0,1,1,1,弱点特効,-1,,,,,,,,
カガチＸグリーヴ,0,0,0,0,0,0,1,0,1,,,,,,,,,,
メルゼグリーヴ,0,0,0,0,0,0,0,0,0,供応,1,,,,,,,,
カイザーＸアーム,0,0,0,0,0,0,0,0,0,連撃,1,,,,,,,,
