剛刃研磨,3,渾身,1,耐震,1,0,0,0,1,0,0
見切り,2,笛吹き名人,1,連撃,1,0,0,0,1,0,0
水属性攻撃強化,2,剛刃研磨,1,体術,4,0,0,0,1,0,0
強化持続,3,キノコ大好き,1,満足感,1,1,1,0,0,0,0
会心撃【特殊】,2,見切り,1,体術,4,1,1,0,0,0,0
笛吹き名人,2,氷属性攻撃強化,1,鎖刃刺撃,1,2,0,0,0,0,0
匠,3,無我の境地,3,,0,1,0,0,0,0,0
ガード性能,3,気絶耐性,3,,0,1,1,0,0,0,0
業物,2,見切り,1,砲弾装填,1,1,0,0,0,0,0
攻めの守勢,3,精霊の加護,2,無我の境地,1,1,1,0,0,0,0
砲弾装填,2,砥石使用高速化,1,回避性能,2,1,1,0,0,0,0
高速変形,2,剛刃研磨,1,回避距離ＵＰ,1,1,1,0,0,0,0
集中,2,整備,3,,0,2,1,0,0,0,0
ガード強化,2,無我の境地,2,威嚇,2,1,0,0,0,0,0
攻めの守勢,2,回避距離ＵＰ,2,,0,1,1,0,0,0,0
チャージマスター,1,集中,1,巧撃,1,1,0,0,0,0,0
抜刀術【力】,1,笛吹き名人,1,精霊の加護,3,1,1,0,0,0,0
毒ビン追加,1,火事場力,3,,0,1,0,0,0,0,0
水属性攻撃強化,2,逆襲,2,,0,2,1,0,0,0,0
笛吹き名人,2,鎖刃刺撃,1,,0,1,0,0,0,0,0
見切り,2,破壊王,2,,0,1,0,0,0,0,0
会心撃【属性】,2,逆襲,2,,0,2,1,0,0,0,0
高速変形,2,逆襲,2,,0,1,1,0,0,0,0
砲弾装填,1,災禍転福,2,,0,3,0,0,0,0,0
匠,1,渾身,2,,0,3,0,0,0,0,0
ガード性能,1,回避性能,3,,0,3,0,0,0,0,0
攻撃,1,弱点特効,1,,0,3,0,0,0,0,0
高速変形,1,弱点特効,1,,0,3,0,0,0,0,0
